7 .125
6 .125
7 .125
6 .125
7 .125
2 .125
5 .125
3 .125
0 .25

-100 .125

 -9 .125
 -5 .125
  0 .125
  2 .25

-100 .125

-5  .125
-1  .125
 2  .125
 3  .25

-100 .125

-5 .125
7 .125
6 .125
7 .125
6 .125
7 .125
2 .125
5 .125
3 .125
0 .25

-100 .125

 -9 .125
 -5 .125
  0 .125
  2 .25

-100 .125

 -5 .125
 -9 .125
  2 .125
  0 .5






7 .125
6 .125
7 .125
6 .125
7 .125
2 .125
5 .125
3 .125
0 .25

-100 .125

 -9 .125
 -5 .125
  0 .125
  2 .25

-100 .125

-5  .125
-1  .125
 2  .125
 3  .25

-100 .125

-5 .125
7 .125
6 .125
7 .125
6 .125
7 .125
2 .125
5 .125
3 .125
0 .25

-100 .125

 -9 .125
 -5 .125
  0 .125
  2 .25

-100 .125

 -5 .125
 -9 .125
  2 .125
  0 .25







  -12 .250
  -7  .250
  -5  .250
  -3  .250
  -2  .250
  -3  .250
  -5  .500
  -3  .250
  -5  .250
  -7 1.250

  -100 .500

  -3  .250
  0   .250
  2   .250
  0   .250

  -100 .250

  -2  .250
  -2  .250
  -3  .250
  -2  .250
  -5  .500
  -3  .250

  -100 1.00

  -7  .250
  -5  .250
  -3  .250
  -2  .250
  -3  .250
  -5  .500
  -3  .250
  -5  .250
  -7  .250
  -10 .500

  -100 .625

  -12  .125
  -3   .125
  -5   .125
  -7   .125
  -5   .750
  -3   .750
  -5   .125
  -7   .125
  -5   .125
  -7   .250

  5  .065
  6  .015
  7  .015
  8  .015
  9  .015

  10 .625
  9  .125
  10 .500
  9  .625
  10 .125

  10 .125
  9  .125
  7  .125
  5  .125
  7  .125
  9  .125

  -100  .125

  5  .125
  7  .500
  7  .125
  5  .125
  2  .125
  2  .125

  3  .250
  8  .125
  8  .125
  8  .125
  7  .125
  3  .125
  -2 .375
  -2 .125
  2  .125
  3  .250
  5  .125

  5  .125
  4  .125
  5  .250
  5  .500

  17 .125
  15 .125
  12 .125
  16 .125
  17 .250
  17 .250

  9  .250
  10 .375
  9  .125
  10 .250
  9  .500
  9  .250
  10 .125
  10 .125


  10 .125
  9  .125
  7  .125
  5  .125
  7  .125
  9  .125

  -100  .125

  5  .125
  7  .5
  7  .125
  5  .125
  2  .125
  2  .125

  3  .25
  8  .125
  8  .125
  8  .125
  7  .125
  3  .125
  -2 .375
  -2 .125
  2  .125
  3  .25
  5  .125

  5  .125
  4  .125
  5  .25
  5  1
